3 0.510938 0.341406 0.362500 0.170313
3 0.842969 0.378125 0.310937 0.178125
3 0.848437 0.550781 0.265625 0.185938
3 0.571875 0.505469 0.275000 0.245312
3 0.360156 0.492969 0.242188 0.189062
3 0.221094 0.578906 0.154688 0.164062
3 0.384375 0.597656 0.168750 0.132812
3 0.075000 0.564844 0.146875 0.195312
3 0.095312 0.296094 0.187500 0.251563
3 0.269531 0.214062 0.282813 0.146875
3 0.543750 0.153906 0.156250 0.151562
3 0.766406 0.176563 0.282813 0.187500
3 0.275000 0.062500 0.278125 0.121875
3 0.920312 0.142969 0.146875 0.201563
3 0.086719 0.136719 0.154688 0.160938
