4 0.487500 0.434375 0.109375 0.106250
4 0.635156 0.457031 0.117188 0.107813
4 0.778125 0.450781 0.121875 0.110937
4 0.728125 0.330469 0.140625 0.107813
4 0.657031 0.261719 0.104688 0.076563
4 0.442969 0.250781 0.089063 0.104688
4 0.228125 0.403125 0.146875 0.109375
4 0.216406 0.494531 0.117188 0.082812
4 0.104688 0.460156 0.103125 0.101562
4 0.130469 0.363281 0.114062 0.104688
4 0.350781 0.327344 0.135937 0.104688
4 0.390625 0.458594 0.109375 0.092188
4 0.571094 0.299219 0.117188 0.085938
4 0.888281 0.271875 0.107813 0.106250
